Guangzhou MetroMetor 124NODE like this:
       1        西朗   11230       1     0.01613       0       1
       2        坑口   72159       2     0.03213  0.1149       1
       3      花地湾   21190       2     0.04799  0.2288       1
       4        芳村   45647       2     0.06373  0.3418       1
       5        黄沙   44473       4     0.09428  0.5612       1       6
       6      长寿路   13818       2     0.07933  0.4539       1
       7      陈家祠   13121       2     0.09481   0.565       1
       8      西门口   51039       2      0.1101  0.6751       1
       9      公园前   69468       4      0.1554       1       1       2
      10      农讲所   66145       2      0.1404  0.8927       1
      11    烈士陵园   55490       2      0.1404  0.8927       1
      12      东山口   43127       4      0.1554       1       1       6
      13        杨箕   51907       4      0.1403  0.8917       1       5
      14    体育西路   75499       5      0.1251  0.7825       1       3
      15    体育中心   15614       2     0.07933  0.4539       1
      16    广州东站   40095       3     0.09428  0.5612       1       3
      17    嘉禾望岗   52856       3     0.09428  0.5612       2       3
      18        黄边   28160       2     0.07933  0.4539       2
      19        江夏   45594       2     0.09481   0.565       2
      20        萧岗   73985       2      0.1101  0.6751       2
      21白云文化广场   33262       2      0.1254  0.7844       2
      22    白云公园   28543       2      0.1404  0.8927       2
      23    飞翔公园   24418       2      0.1254  0.7844       2
      24      三元里   50544       2      0.1101  0.6751       2
      25  广州火车站   69414       4      0.1251  0.7825       2       5
      26    越秀公园   29590       2      0.1101  0.6751       2
      27    海珠广场   35404       4      0.1403  0.8917       2       6
      28      市二宫   68586       2     0.09481   0.565       2
      29      江南西   40654       2     0.07933  0.4539       2
      30        昌岗   59100       4     0.09428  0.5612       2       8
      31      江泰路   16920       2     0.07933  0.4539       2
      32      东晓南   54273       2     0.09481   0.565       2
      33        南洲   54952       2     0.09481   0.565       2
      34        洛溪   18606       2     0.07933  0.4539       2
      35        南浦   65173       2     0.06373  0.3418       2
      36        会江   24786       2     0.04799  0.2288       2
      37        石壁   40999       2     0.03213  0.1149       2
      38    广州南站   35877       1     0.01613       0       2
      39    番禺广场   32514       1     0.01613       0       3
      40        市桥   51827       2     0.03213  0.1149       3
      41    汉溪长隆   30726       2     0.04799  0.2288       3
      42        大石   37914       2     0.06373  0.3418       3
      43        厦   28886       2     0.07933  0.4539       3
      44        沥    9983       2     0.09481   0.565       3
      45        大塘   18575       2      0.1101  0.6751       3
      46        客村     832       4      0.1403  0.8917       8
      47      广州塔       2       2      0.1254  0.7844       3
      48    珠江新城   21815       4      0.1403  0.8917       3       5
      49      石牌桥   45025       2     0.09481   0.565       3
      50        岗顶   39867       2     0.07933  0.4539       3
      51        华师   59637       2     0.06373  0.3418       3
      52        五山   33428       2     0.04799  0.2288       3
      53  天河客运站   28054       3     0.06294  0.3362       3       6
      54      机场南   51830       1     0.01613       0       3
      55        人和   25618       2     0.03213  0.1149       3
      56        龙归   47926       2     0.04799  0.2288       3
      57  白云大道北   30813       2     0.07933  0.4539       3
      58        永泰   11208       2     0.09481   0.565       3
      59        同和   24878       2     0.09481   0.565       3
      60京溪南方医院   41620       2     0.07933  0.4539       3
      61      梅花园   31214       2     0.06373  0.3418       3
      62        燕塘   19878       4     0.07868  0.4492       3       6
      63      林和西   31620       2     0.07933  0.4539       3
      64        金洲   29741       1     0.01613       0       4
      65        焦门   32683       2     0.03213  0.1149       4
      66        黄阁   19392       2     0.04799  0.2288       4
      67  黄阁汽车城   55834       2     0.06373  0.3418       4
      68        东涌   61624       2     0.07933  0.4539       4
      69        低涌   14064       2     0.09481   0.565       4
      70        海傍   44678       2      0.1101  0.6751       4
      71        石   42890       2      0.1254  0.7844       4
      72        新造   17194       2      0.1254  0.7844       4
      73    大学城南   51575       2      0.1101  0.6751       4
      74    大学城北   61545       2     0.09481   0.565       4
      75        官洲   18819       2     0.07933  0.4539       4
      76      万胜围   10397       3     0.09428  0.5612       4       8
      77      车陂南   46040       4     0.07868  0.4492       4       5
      78        车陂   52194       2     0.03213  0.1149       4
      79        黄村   35484       1     0.01613       0       4
      80        文冲   74248       1     0.01613       0       5
      81      大沙东   75399       2     0.03213  0.1149       5
      82      大沙地   27455       2     0.04799  0.2288       5
      83        鱼珠   21504       2     0.06373  0.3418       5
      84        三溪   45417       2     0.07933  0.4539       5
      85        东圃   18556       2     0.06373  0.3418       5
      86      科韵路   73672       2     0.06373  0.3418       5
      87        员村   28167       2     0.07933  0.4539       5
      88        潭村   32449       2     0.09481   0.565       5
      89        猎德   32140       2      0.1101  0.6751       5
      90      五羊   22193       2      0.1254  0.7844       5
      91      动物园   18763       2      0.1254  0.7844       5
      92        区庄   55852       4      0.1403  0.8917       5       6
      93        淘金   75233       2      0.1254  0.7844       5
      94        小北   13081       2      0.1101  0.6751       5
      95        西村   18686       2     0.07933  0.4539       5
      96        西场   34011       2     0.06373  0.3418       5
      97      中山八   28870       2     0.04799  0.2288       5
      98        坦尾   28965       4     0.06294  0.3362       5       6
      99        蚩   44561       1     0.01613       0       5
     100      浔峰岗    8812       1     0.01613       0       6
     101        横沙   37648       2     0.03213  0.1149       6
     102        沙贝   27943       2     0.04799  0.2288       6
     103        河沙   10285       2     0.04799  0.2288       6
     104      如意坊    3658       2     0.04799  0.2288       6
     105    文化公园   42608       2     0.07933  0.4539       6
     106      一德路   28282       2     0.09481   0.565       6
     107      北京路   23612       2      0.1254  0.7844       6
     108  团一大广场   62456       2      0.1404  0.8927       6
     109        东湖   65323       2      0.1404  0.8927       6
     110      黄花岗   63126       2      0.1101  0.6751       6
     111      沙河顶   20458       2     0.09481   0.565       6
     112        沙河   11834       2     0.07933  0.4539       6
     113      天平架   21663       2     0.06373  0.3418       6
     114        长   21520       1     0.01613       0       6
     115    凤凰新村   18313       1     0.01613       0       8
     116        沙园   30311       2     0.03213  0.1149       8
     117    宝岗大道   16129       2     0.04799  0.2288       8
     118        晓港   35656       2     0.07933  0.4539       8
     119        中大   32578       2     0.09481   0.565       8
     120        鹭江   22822       2      0.1101  0.6751       8
     121        赤岗   33068       2      0.1254  0.7844       8
     122      磨碟沙   39723       2      0.1101  0.6751       8
     123      新港东   42444       2     0.09481   0.565       8
     124        琶洲   38728       2     0.07933  0.4539       8
