11230	
72159	
21190	
45647	
44473	
13818	
13121	
51039	
69468	
66145	
55490	
43127	
51907	
75499	
15614	
40095	
52856	
28160	
45594	
73985	
33262	
28543	
24418	
50544	
69414	
29590	
35404	
68586	
40654	
59100	
16920	
54273	
54952	
18606	
65173	
24786	
40999	
35877	
32514	
51827	
30726	
37914	
28886	
9983	
18575	
832	2	
21815	
45025	
39867	
59637	
33428	
28054	
51830	
25618	
47926	
30813	
11208	
24878	
41620	
31214	
19878	
31620	
29741	
32683	
19392	
55834	
61624	
14064	
44678	
42890	
17194	
51575	
61545	
18819	
10397	
46040	
52194	
35484	
74248	
75399	
27455	
21504	
45417	
18556	
73672	
28167	
32449	
32140	
22193	
18763	
55852	
75233	
13081	
18686	
34011	
28870	
28965	
44561	
8812	
	37648	
	27943	
	10285	
	3658	
	42608	
	28282	
	23612	
	62456	
	65323	
	63126	
	20458	
	11834	
	21663	
	21520	
	18313	
	30311	
	16129	
	35656	
	32578	
	22822	
	33068	
	39723	
	42444	
	38728	
	4160	